+19101568033
+19101642319
+19106683399
+19103466224
+19107646589
+19100575197
+19104790656
+19101481933
+19100002847
+19109635323
+19109523355
+19103886024
+19101785190
+19104843192
+19105132482
+19103048889
+19109899277
+19104265229
+19107296574
+19107356217
+19107879975
+19109208904
+19107354670
+19100016359
+19109734945
+19103881443
+19104874224
+19106644154
+19103744202
+19101381755
+19102359580
+19109318249
+19101396728
+19103673811
+19108204484
+19101089175
+19108996683
+19100290829
+19104163798
+19103092103
+19106601590
+19103155081
+19103733283
+19109897481
+19109325444
+19100710788
+19107535867
+19100144020
+19102870221
+19102329590
+19108640174
+19105603916
+19102674413
+19107988482
+19101100676
+19100658616
+19100795315
+19102029007
+19108907699
+19109391824
+19105033514
+19102181622
+19103226452
+19102530679
+19100391088
+19107073971
+19109549022
+19104922420
+19100976073
+19105929962
+19107903779
+19100953885
+19100463942
+19102239544
+19101637611
+19101520461
+19106251223
+19105008601
+19103453348
+19105651835
+19109834855
+19101801038
+19101208791
+19104777413
+19107771611
+19100558224
+19100131164
+19109086093
+19101610823
+19107521697
+19102411817
+19103459495
+19106848718
+19108246351
+19107446168
+19107934833
+19104226790
+19101729806
+19104372670
+19107379889
